# Density (g cm^-3), MIS
1.000000000000000000e+00 1.019999999999999934e-01
1.368421052631578982e+00 8.300000000000000433e-02
1.736842105263157965e+00 7.299999999999999545e-02
2.105263157894736725e+00 2.149999999999999967e-01
2.473684210526315930e+00 4.470000000000000084e-01
2.842105263157894690e+00 6.470000000000000195e-01
3.210526315789473450e+00 8.030000000000000471e-01
3.578947368421052655e+00 9.270000000000000462e-01
3.947368421052631415e+00 1.028000000000000025e+00
4.315789473684210620e+00 1.116000000000000103e+00
4.684210526315789380e+00 1.191999999999999948e+00
5.052631578947368141e+00 1.241999999999999993e+00
5.421052631578946901e+00 1.292000000000000037e+00
5.789473684210525661e+00 1.342000000000000082e+00
6.157894736842105310e+00 1.377999999999999892e+00
6.526315789473684070e+00 1.415000000000000036e+00
6.894736842105262831e+00 1.439000000000000057e+00
7.263157894736841591e+00 1.463000000000000078e+00
7.631578947368420351e+00 1.485999999999999988e+00
8.000000000000000000e+00 1.510000000000000009e+00
